628.0 118.0 644.0 118.0 644.0 138.0 628.0 138.0 small-vehicle 0
633.0 162.0 650.0 162.0 650.0 177.0 633.0 177.0 small-vehicle 0
620.0 139.0 637.0 139.0 637.0 156.0 620.0 156.0 small-vehicle 0
424.0 305.0 442.0 305.0 442.0 319.0 424.0 319.0 small-vehicle 0
474.0 300.0 496.0 300.0 496.0 316.0 474.0 316.0 small-vehicle 1
383.0 338.0 398.0 338.0 398.0 348.0 383.0 348.0 small-vehicle 1
399.0 330.0 418.0 330.0 418.0 343.0 399.0 343.0 small-vehicle 1
310.0 21.0 327.0 21.0 327.0 40.0 310.0 40.0 small-vehicle 0
338.0 29.0 351.0 29.0 351.0 48.0 338.0 48.0 small-vehicle 1
42.0 301.0 63.0 301.0 63.0 315.0 42.0 315.0 small-vehicle 0
106.0 271.0 129.0 271.0 129.0 281.0 106.0 281.0 small-vehicle 1
273.0 129.0 287.0 129.0 287.0 146.0 273.0 146.0 small-vehicle 1
