714.0 76.0 726.0 76.0 726.0 95.0 714.0 95.0 small-vehicle 0
731.0 82.0 744.0 82.0 744.0 101.0 731.0 101.0 small-vehicle 0
648.0 222.0 667.0 222.0 667.0 242.0 648.0 242.0 small-vehicle 1
733.0 122.0 754.0 122.0 754.0 136.0 733.0 136.0 small-vehicle 0
770.0 137.0 788.0 137.0 788.0 151.0 770.0 151.0 small-vehicle 0
806.0 153.0 827.0 153.0 827.0 168.0 806.0 168.0 small-vehicle 0
691.0 122.0 705.0 122.0 705.0 141.0 691.0 141.0 small-vehicle 0
700.0 126.0 714.0 126.0 714.0 145.0 700.0 145.0 small-vehicle 0
706.0 140.0 718.0 140.0 718.0 157.0 706.0 157.0 small-vehicle 1
924.0 106.0 945.0 106.0 945.0 122.0 924.0 122.0 small-vehicle 0
935.0 88.0 955.0 88.0 955.0 104.0 935.0 104.0 small-vehicle 1
849.0 282.0 864.0 282.0 864.0 303.0 849.0 303.0 small-vehicle 0
631.0 290.0 646.0 290.0 646.0 310.0 631.0 310.0 small-vehicle 0
607.0 324.0 621.0 324.0 621.0 341.0 607.0 341.0 small-vehicle 1
623.0 287.0 636.0 287.0 636.0 303.0 623.0 303.0 small-vehicle 1
785.0 349.0 796.0 349.0 796.0 367.0 785.0 367.0 small-vehicle 0
793.0 354.0 805.0 354.0 805.0 370.0 793.0 370.0 small-vehicle 1
817.0 361.0 830.0 361.0 830.0 376.0 817.0 376.0 small-vehicle 1
891.0 1021.0 903.0 1021.0 903.0 1024.0 891.0 1024.0 small-vehicle 2
