628.0 630.0 644.0 630.0 644.0 650.0 628.0 650.0 small-vehicle 0
633.0 674.0 650.0 674.0 650.0 689.0 633.0 689.0 small-vehicle 0
891.0 1.0 903.0 1.0 903.0 14.0 891.0 14.0 small-vehicle 1
942.0 44.0 955.0 44.0 955.0 62.0 942.0 62.0 small-vehicle 0
909.0 16.0 927.0 16.0 927.0 35.0 909.0 35.0 small-vehicle 0
932.0 39.0 943.0 39.0 943.0 56.0 932.0 56.0 small-vehicle 1
620.0 651.0 637.0 651.0 637.0 668.0 620.0 668.0 small-vehicle 0
424.0 817.0 442.0 817.0 442.0 831.0 424.0 831.0 small-vehicle 0
474.0 812.0 496.0 812.0 496.0 828.0 474.0 828.0 small-vehicle 1
383.0 850.0 398.0 850.0 398.0 860.0 383.0 860.0 small-vehicle 1
399.0 842.0 418.0 842.0 418.0 855.0 399.0 855.0 small-vehicle 1
310.0 533.0 327.0 533.0 327.0 552.0 310.0 552.0 small-vehicle 0
338.0 541.0 351.0 541.0 351.0 560.0 338.0 560.0 small-vehicle 1
42.0 813.0 63.0 813.0 63.0 827.0 42.0 827.0 small-vehicle 0
106.0 783.0 129.0 783.0 129.0 793.0 106.0 793.0 small-vehicle 1
273.0 641.0 287.0 641.0 287.0 658.0 273.0 658.0 small-vehicle 1
